begin 0
end
begin 1
    1 81 2 "1'b1"
    1 82 2 "1'b1"
    1 85 4 "1'b1"
    1 140 1 "1'b0"
    1 155 1 "1'b0"
    1 183 1 "1'b0"
    1 185 2 "1'b1"
    1 189 1 "1'b0"
    1 193 1 "1'b0"
    1 252 1 "1'b0"
    1 265 1 "1'b0"
    1 294 1 "1'b0"
    1 296 4 "1'b1"
    1 304 3 "1'b0"
    1 310 3 "1'b0"
    1 312 4 "1'b1"
    1 314 3 "1'b0"
    1 315 4 "1'b1"
    1 318 3 "1'b0"
    1 320 4 "1'b1"
    1 324 4 "1'b1"
    1 324 3 "1'b0"
    1 325 4 "1'b1"
    1 326 4 "1'b1"
    1 329 3 "1'b0"
    1 331 4 "1'b1"
    1 345 1 "1'b0"
    1 366 1 "1'b0"
    1 400 4 "1'b1"
    1 416 2 "1'b1"
    1 429 1 "1'b0"
    1 449 4 "1'b1"
    1 467 1 "1'b0"
    1 484 1 "1'b0"
    1 504 4 "1'b1"
    1 505 4 "1'b1"
    1 506 3 "1'b0"
    1 537 1 "1'b0"
    1 558 1 "1'b0"
    1 578 1 "1'b0"
    1 582 5 "1'b0"
    1 582 8 "1'b1"
    1 586 5 "1'b0"
    1 586 7 "1'b0"
    1 589 6 "1'b1"
    1 589 7 "1'b0"
    1 594 5 "1'b0"
    1 594 7 "1'b0"
    1 597 6 "1'b1"
    1 597 7 "1'b0"
    1 606 5 "1'b0"
    1 606 7 "1'b0"
    1 610 5 "1'b0"
    1 610 8 "1'b1"
    1 614 5 "1'b0"
    1 614 7 "1'b0"
    1 617 6 "1'b1"
    1 617 8 "1'b1"
    1 621 6 "1'b1"
    1 621 8 "1'b1"
    1 625 5 "1'b0"
    1 625 8 "1'b1"
    1 628 5 "1'b0"
    1 628 7 "1'b0"
    1 631 6 "1'b1"
    1 631 8 "1'b1"
    1 636 3 "1'b0"
    1 638 5 "1'b0"
    1 638 8 "1'b1"
    1 641 5 "1'b0"
    1 641 8 "1'b1"
    1 646 5 "1'b0"
    1 646 7 "1'b0"
    1 648 4 "1'b1"
    1 648 3 "1'b0"
    1 650 5 "1'b0"
    1 650 7 "1'b0"
    1 653 6 "1'b1"
    1 653 8 "1'b1"
    1 658 6 "1'b1"
    1 658 8 "1'b1"
    1 665 1 "1'b0"
    1 666 6 "1'b1"
    1 669 6 "1'b1"
    1 671 5 "1'b0"
    1 679 2 "1'b1"
    1 712 1 "1'b0"
    1 748 3 "1'b0"
    1 819 1 "1'b0"
    1 859 3 "1'b0"
    1 917 3 "1'b0"
    1 918 3 "1'b0"
    1 919 3 "1'b0"
    1 927 1 "1'b0"
end
begin 2
end
